{
 "cells": [
  {
   "cell_type": "markdown",
   "id": "e936351e",
   "metadata": {},
   "source": [
    "# `H2MM_C` Displaying Optimization Progress\n",
    "\n",
    "Let's get our obligitory imports in order, and we'll load the 3 detector data as well."
   ]
  },
  {
   "cell_type": "code",
   "execution_count": 1,
   "id": "0bda2531",
   "metadata": {},
   "outputs": [],
   "source": [
    "import os\n",
    "import numpy as np\n",
    "from matplotlib import pyplot as plt\n",
    "\n",
    "import H2MM_C as hm\n",
    "\n",
    "\n",
    "# load the data\n",
    "def load_txtdata(filename):\n",
    "    color = list()\n",
    "    times = list()\n",
    "    with open(filename,'r') as f:\n",
    "        for i, line in enumerate(f):\n",
    "            if i % 2 == 0:\n",
    "                times.append(np.array([int(x) for x in line.split()],dtype=np.int64))\n",
    "            else:\n",
    "                color.append(np.array([int(x) for x in line.split()],dtype=np.uint8))\n",
    "    return color, times\n",
    "\n",
    "color3, times3 = load_txtdata('sample_data_3det.txt')"
   ]
  },
  {
   "cell_type": "markdown",
   "id": "81db52f9",
   "metadata": {},
   "source": [
    "## Customizing Display of Optmization progression\n",
    "\n",
    "You've probably seen that whenever `hm.EM_H2MM_C()` is run, you see the number of iterations currently computed gets displayed. This behavior can be modified however with the `print_func` keyword argument. This lets us choose how much/what information gets displayed! See the list of options below:\n",
    "\n",
    "\n",
    "### Basic `print_func` options\n",
    "\n",
    "- `'iter'` Prints only the iteration number- compact way to still track optimization progress in Jupyter Notebook\n",
    "- `'all'` prints a representation of the whole model to be optimized in the next iteration (this will be very verbose).\n",
    "- `'diff'` Print the difference between the previous and current model logliklihoods and the current loglikelihood.\n",
    "- `'diff_time'` Same as `'diff'` but with additional information about how long the current iteration took, and the total time taken. These times however are not very accurate, because they use an inaccurate, but fast clock function.\n",
    "- `'comp'` Print the old and current loglikelihoods\n",
    "- `'comp_time'` Like `'diff_time'` but for `'comp'`\n",
    "- `None` Suppresses all printing of iteration information."
   ]
  },
  {
   "cell_type": "code",
   "execution_count": 2,
   "id": "9f666fe8",
   "metadata": {},
   "outputs": [
    {
     "name": "stdout",
     "output_type": "stream",
     "text": [
      "The model converged after 198 iterations                       \n"
     ]
    }
   ],
   "source": [
    "model_3d3c = hm.EM_H2MM_C(hm.factory_h2mm_model(3,3), color3,  times3, print_func='diff')"
   ]
  },
  {
   "cell_type": "markdown",
   "id": "b5f591a6",
   "metadata": {},
   "source": [
    "### Changing frequence of Display updates with `print_freq`\n",
    "\n",
    "`print_freq` is used to specify how frequently the display updates, by passing an *integer* value into `print_freq`, then the display will only update after that many iterations.\n",
    "\n",
    "Update the display every 10 iterations:"
   ]
  },
  {
   "cell_type": "code",
   "execution_count": 3,
   "id": "6f6a8d4f",
   "metadata": {},
   "outputs": [
    {
     "name": "stdout",
     "output_type": "stream",
     "text": [
      "The model converged after 198 iterations                       \n"
     ]
    }
   ],
   "source": [
    "model_3d3c = hm.EM_H2MM_C(hm.factory_h2mm_model(3,3), color3,  times3, print_func='diff', print_freq=10)"
   ]
  },
  {
   "cell_type": "markdown",
   "id": "4c32f928",
   "metadata": {},
   "source": [
    "## Customized display using your own function\n",
    "\n",
    "If you want to customize the display, you can define  your own printing function.\n",
    "\n",
    "The function should have the following general signature:\n",
    "\n",
    "`print_func(niter:int, new_model:h2mm_model, current_model:h2mm_model, old_model:h2mm_model, iter_time:int, total_time:float)->str`\n",
    "\n",
    "> **NOTE**\n",
    ">\n",
    "> It is not necessary, but recommended to keep these variable names in the function declaration.\n",
    "\n",
    "where:\n",
    "- `niter` is the number of iterations\n",
    "- `new_model` is a `h2mm_model` object that represents the next model to be optimized (**before** checking for out of bounds values) note that its `.loglik` will be irrelevant because it has not been calculated yet.\n",
    "- `current_model` is a `h2mm_model` object that represents the model whose `.loglik` was just calculated\n",
    "- `old_model` is a `h2mm_model` object that represents the model from the previous iteration.\n",
    "- `iter_time` is a float which is the time in seconds based on the **inaccurate C clock** that it took to calculate the latest iteration\n",
    "- `total_time` is a float which is the time in seconds based on the **inaccurate C clock** that the full optimization has taken\n",
    "\n",
    "The output of `print_func` is converted to a string (`str()`) and displayed, unless `print_func` returns `None`, in which case nothing is printed (unless `print_func` internally calls its own print method)\n",
    "\n",
    "So below is an example of a custom print function:"
   ]
  },
  {
   "cell_type": "code",
   "execution_count": 4,
   "id": "7cce9632",
   "metadata": {},
   "outputs": [],
   "source": [
    "def silly_print(niter, new, current, old, titer, time):\n",
    "    return (f\"We haven't finished after {niter} iterations \" \n",
    "           f\"with {new.loglik - current.loglik} improvement \"\n",
    "           f\"in loglik after {time} (inaccurate) seconds\")"
   ]
  },
  {
   "cell_type": "code",
   "execution_count": 5,
   "id": "d6be3a5b",
   "metadata": {},
   "outputs": [
    {
     "name": "stdout",
     "output_type": "stream",
     "text": [
      "The model converged after 198 iterations                                                                                   \n"
     ]
    },
    {
     "data": {
      "text/plain": [
       "nstate: 3, ndet: 3, nphot: 436084, niter: 198, loglik: -409379.14701993886 converged state: 0x27\n",
       "prior:\n",
       "0.25991610870808807, 0.49437683694695067, 0.24570705434496126\n",
       "trans:\n",
       "0.9999762009962716, 2.109156933799685e-05, 2.7074343903649544e-06\n",
       "8.392846121801886e-06, 0.9999812080448961, 1.0399108982083964e-05\n",
       "6.290283042355329e-06, 4.466216582383387e-05, 0.9999490475511338\n",
       "obs:\n",
       "0.1457042395487688, 0.2934431830052034, 0.5608525774460278\n",
       "0.44173951477064244, 0.0876310597860473, 0.4706294254433104\n",
       "0.8414287880015664, 0.07852868417810843, 0.08004252782032513"
      ]
     },
     "execution_count": 5,
     "metadata": {},
     "output_type": "execute_result"
    }
   ],
   "source": [
    "hm.EM_H2MM_C(hm.factory_h2mm_model(3,3), color3, times3, print_func=silly_print, print_freq=10)"
   ]
  },
  {
   "cell_type": "markdown",
   "id": "048f0b0e",
   "metadata": {},
   "source": [
    "### Passing additional args to `print_func` with `print_args`\n",
    "\n",
    "The true signature of print_args is \n",
    "\n",
    "`print_func(niter:int, new_model:h2mm_model, current_model:h2mm_model, old_model:h2mm_model, t_iter:int, t_total:float, *print_args, **print_kwargs)->str`\n",
    "\n",
    "`EM_H2MM_C` has two keyword arguments, `print_args` and `print_kwargs`, only used when `print_func` is a callable, which are passed to `print_func` as\n",
    "its args and kwargs. Note that in both cases, a value of `None` is converted into an empty tuple/dict respectively. Further, if a non-tuple is passed\n",
    "to `print_args` it is treated as a single argument.)"
   ]
  },
  {
   "cell_type": "code",
   "execution_count": 6,
   "id": "c35edbea",
   "metadata": {},
   "outputs": [],
   "source": [
    "def silly_print_arg_kwarg(niter, new, current, old, titer, time, *args, modulus=None):\n",
    "    return f\"niter={niter} args={args}, modulus={modulus}\""
   ]
  },
  {
   "cell_type": "code",
   "execution_count": 7,
   "id": "c75c8ee2",
   "metadata": {},
   "outputs": [
    {
     "name": "stdout",
     "output_type": "stream",
     "text": [
      "The model converged after 198 iterations     \n"
     ]
    },
    {
     "data": {
      "text/plain": [
       "nstate: 3, ndet: 3, nphot: 436084, niter: 198, loglik: -409379.14701994 converged state: 0x27\n",
       "prior:\n",
       "0.25991610870808823, 0.49437683694695034, 0.2457070543449614\n",
       "trans:\n",
       "0.9999762009962716, 2.1091569337996834e-05, 2.707434390364947e-06\n",
       "8.392846121801857e-06, 0.9999812080448961, 1.0399108982083948e-05\n",
       "6.29028304235535e-06, 4.466216582383364e-05, 0.9999490475511338\n",
       "obs:\n",
       "0.14570423954876835, 0.29344318300520356, 0.5608525774460281\n",
       "0.4417395147706427, 0.08763105978604721, 0.47062942544331005\n",
       "0.8414287880015664, 0.07852868417810846, 0.08004252782032513"
      ]
     },
     "execution_count": 7,
     "metadata": {},
     "output_type": "execute_result"
    }
   ],
   "source": [
    "hm.EM_H2MM_C(hm.factory_h2mm_model(3,3), color3, times3, \n",
    "             print_func=silly_print_arg_kwarg, print_args=\"I'm very silly\", print_kwargs=dict(modulus=1))"
   ]
  },
  {
   "cell_type": "markdown",
   "id": "345d7a1e",
   "metadata": {},
   "source": [
    "## Advanced options: Formatter\n",
    "\n",
    "By default, optimization progress is printed to `sys.stdout`, and each update over-writes the previous update.\n",
    "This is done using the `print_formatter`.\n",
    "\n",
    "### Keeping display of each iteration\n",
    "\n",
    "The default `print_formatter` has a single keyword argument: `keep`.\n",
    "We can set this using the `print_fmt_kwargs` keyword argument in `EM_H2MM_C`,\n",
    "if it is set to `True`, then the text of each new iteration will be displayed on a new line."
   ]
  },
  {
   "cell_type": "code",
   "execution_count": 8,
   "id": "56875d60",
   "metadata": {
    "scrolled": true
   },
   "outputs": [
    {
     "name": "stdout",
     "output_type": "stream",
     "text": [
      "Iteration:    0, loglik:-4.387899e+05, improvement:   inf\n",
      "Iteration:    1, loglik:-4.203991e+05, improvement:1.839076e+04\n",
      "Iteration:    2, loglik:-4.172495e+05, improvement:3.149621e+03\n",
      "Iteration:    3, loglik:-4.168160e+05, improvement:4.334909e+02\n",
      "Iteration:    4, loglik:-4.166697e+05, improvement:1.463433e+02\n",
      "Iteration:    5, loglik:-4.165714e+05, improvement:9.831467e+01\n",
      "Iteration:    6, loglik:-4.164868e+05, improvement:8.460410e+01\n",
      "Iteration:    7, loglik:-4.164030e+05, improvement:8.370726e+01\n",
      "Iteration:    8, loglik:-4.163116e+05, improvement:9.142352e+01\n",
      "Iteration:    9, loglik:-4.162055e+05, improvement:1.061152e+02\n",
      "Iteration:   10, loglik:-4.160785e+05, improvement:1.269588e+02\n",
      "Iteration:   11, loglik:-4.159256e+05, improvement:1.529380e+02\n",
      "Iteration:   12, loglik:-4.157447e+05, improvement:1.808611e+02\n",
      "Iteration:   13, loglik:-4.155401e+05, improvement:2.046643e+02\n",
      "Iteration:   14, loglik:-4.153189e+05, improvement:2.211944e+02\n",
      "Iteration:   15, loglik:-4.150866e+05, improvement:2.322782e+02\n",
      "Iteration:   16, loglik:-4.148451e+05, improvement:2.415008e+02\n",
      "Iteration:   17, loglik:-4.145964e+05, improvement:2.486755e+02\n",
      "Iteration:   18, loglik:-4.143435e+05, improvement:2.529542e+02\n",
      "Iteration:   19, loglik:-4.140881e+05, improvement:2.554187e+02\n",
      "Iteration:   20, loglik:-4.138319e+05, improvement:2.561196e+02\n",
      "Iteration:   21, loglik:-4.135787e+05, improvement:2.532579e+02\n",
      "Iteration:   22, loglik:-4.133311e+05, improvement:2.475722e+02\n",
      "Iteration:   23, loglik:-4.130892e+05, improvement:2.418696e+02\n",
      "Iteration:   24, loglik:-4.128514e+05, improvement:2.378508e+02\n",
      "Iteration:   25, loglik:-4.126157e+05, improvement:2.356415e+02\n",
      "Iteration:   26, loglik:-4.123811e+05, improvement:2.346992e+02\n",
      "Iteration:   27, loglik:-4.121466e+05, improvement:2.344752e+02\n",
      "Iteration:   28, loglik:-4.119119e+05, improvement:2.346358e+02\n",
      "Iteration:   29, loglik:-4.116771e+05, improvement:2.348715e+02\n",
      "Iteration:   30, loglik:-4.114426e+05, improvement:2.344301e+02\n",
      "Iteration:   31, loglik:-4.112106e+05, improvement:2.320622e+02\n",
      "Iteration:   32, loglik:-4.109840e+05, improvement:2.266024e+02\n",
      "Iteration:   33, loglik:-4.107665e+05, improvement:2.175059e+02\n",
      "Iteration:   34, loglik:-4.105615e+05, improvement:2.049792e+02\n",
      "Iteration:   35, loglik:-4.103717e+05, improvement:1.897585e+02\n",
      "Iteration:   36, loglik:-4.101993e+05, improvement:1.724524e+02\n",
      "Iteration:   37, loglik:-4.100461e+05, improvement:1.531493e+02\n",
      "Iteration:   38, loglik:-4.099140e+05, improvement:1.321656e+02\n",
      "Iteration:   39, loglik:-4.098032e+05, improvement:1.107497e+02\n",
      "Iteration:   40, loglik:-4.097127e+05, improvement:9.049932e+01\n",
      "Iteration:   41, loglik:-4.096402e+05, improvement:7.254715e+01\n",
      "Iteration:   42, loglik:-4.095828e+05, improvement:5.736204e+01\n",
      "Iteration:   43, loglik:-4.095379e+05, improvement:4.492736e+01\n",
      "Iteration:   44, loglik:-4.095029e+05, improvement:3.497448e+01\n",
      "Iteration:   45, loglik:-4.094758e+05, improvement:2.713812e+01\n",
      "Iteration:   46, loglik:-4.094547e+05, improvement:2.103855e+01\n",
      "Iteration:   47, loglik:-4.094384e+05, improvement:1.632438e+01\n",
      "Iteration:   48, loglik:-4.094257e+05, improvement:1.269319e+01\n",
      "Iteration:   49, loglik:-4.094158e+05, improvement:9.897353e+00\n",
      "Iteration:   50, loglik:-4.094081e+05, improvement:7.740962e+00\n",
      "Iteration:   51, loglik:-4.094020e+05, improvement:6.072558e+00\n",
      "Iteration:   52, loglik:-4.093972e+05, improvement:4.776702e+00\n",
      "Iteration:   53, loglik:-4.093935e+05, improvement:3.766078e+00\n",
      "Iteration:   54, loglik:-4.093905e+05, improvement:2.974800e+00\n",
      "Iteration:   55, loglik:-4.093881e+05, improvement:2.353085e+00\n",
      "Iteration:   56, loglik:-4.093863e+05, improvement:1.863156e+00\n",
      "Iteration:   57, loglik:-4.093848e+05, improvement:1.476176e+00\n",
      "Iteration:   58, loglik:-4.093836e+05, improvement:1.169979e+00\n",
      "Iteration:   59, loglik:-4.093827e+05, improvement:9.274102e-01\n",
      "Iteration:   60, loglik:-4.093820e+05, improvement:7.351031e-01\n",
      "Iteration:   61, loglik:-4.093814e+05, improvement:5.825859e-01\n",
      "Iteration:   62, loglik:-4.093809e+05, improvement:4.616147e-01\n",
      "Iteration:   63, loglik:-4.093805e+05, improvement:3.656763e-01\n",
      "Iteration:   64, loglik:-4.093803e+05, improvement:2.896107e-01\n",
      "Iteration:   65, loglik:-4.093800e+05, improvement:2.293229e-01\n",
      "Iteration:   66, loglik:-4.093798e+05, improvement:1.815592e-01\n",
      "Iteration:   67, loglik:-4.093797e+05, improvement:1.437336e-01\n",
      "Iteration:   68, loglik:-4.093796e+05, improvement:1.137899e-01\n",
      "Iteration:   69, loglik:-4.093795e+05, improvement:9.009406e-02\n",
      "Iteration:   70, loglik:-4.093794e+05, improvement:7.134806e-02\n",
      "Iteration:   71, loglik:-4.093794e+05, improvement:5.652128e-02\n",
      "Iteration:   72, loglik:-4.093793e+05, improvement:4.479605e-02\n",
      "Iteration:   73, loglik:-4.093793e+05, improvement:3.552413e-02\n",
      "Iteration:   74, loglik:-4.093793e+05, improvement:2.819196e-02\n",
      "Iteration:   75, loglik:-4.093792e+05, improvement:2.239293e-02\n",
      "Iteration:   76, loglik:-4.093792e+05, improvement:1.780534e-02\n",
      "Iteration:   77, loglik:-4.093792e+05, improvement:1.417482e-02\n",
      "Iteration:   78, loglik:-4.093792e+05, improvement:1.130034e-02\n",
      "Iteration:   79, loglik:-4.093792e+05, improvement:9.023060e-03\n",
      "Iteration:   80, loglik:-4.093792e+05, improvement:7.217583e-03\n",
      "Iteration:   81, loglik:-4.093792e+05, improvement:5.784887e-03\n",
      "Iteration:   82, loglik:-4.093792e+05, improvement:4.646831e-03\n",
      "Iteration:   83, loglik:-4.093792e+05, improvement:3.741733e-03\n",
      "Iteration:   84, loglik:-4.093792e+05, improvement:3.020922e-03\n",
      "Iteration:   85, loglik:-4.093792e+05, improvement:2.445990e-03\n",
      "Iteration:   86, loglik:-4.093792e+05, improvement:1.986612e-03\n",
      "Iteration:   87, loglik:-4.093792e+05, improvement:1.618842e-03\n",
      "Iteration:   88, loglik:-4.093792e+05, improvement:1.323802e-03\n",
      "Iteration:   89, loglik:-4.093792e+05, improvement:1.086527e-03\n",
      "Iteration:   90, loglik:-4.093792e+05, improvement:8.952320e-04\n",
      "Iteration:   91, loglik:-4.093792e+05, improvement:7.405697e-04\n",
      "Iteration:   92, loglik:-4.093792e+05, improvement:6.151449e-04\n",
      "Iteration:   93, loglik:-4.093792e+05, improvement:5.131015e-04\n",
      "Iteration:   94, loglik:-4.093791e+05, improvement:4.298058e-04\n",
      "Iteration:   95, loglik:-4.093791e+05, improvement:3.615515e-04\n",
      "Iteration:   96, loglik:-4.093791e+05, improvement:3.054240e-04\n",
      "Iteration:   97, loglik:-4.093791e+05, improvement:2.590768e-04\n",
      "Iteration:   98, loglik:-4.093791e+05, improvement:2.206534e-04\n",
      "Iteration:   99, loglik:-4.093791e+05, improvement:1.886722e-04\n",
      "Iteration:  100, loglik:-4.093791e+05, improvement:1.619296e-04\n",
      "Iteration:  101, loglik:-4.093791e+05, improvement:1.394834e-04\n",
      "Iteration:  102, loglik:-4.093791e+05, improvement:1.205528e-04\n",
      "Iteration:  103, loglik:-4.093791e+05, improvement:1.045356e-04\n",
      "Iteration:  104, loglik:-4.093791e+05, improvement:9.091495e-05\n",
      "Iteration:  105, loglik:-4.093791e+05, improvement:7.928192e-05\n",
      "Iteration:  106, loglik:-4.093791e+05, improvement:6.932806e-05\n",
      "Iteration:  107, loglik:-4.093791e+05, improvement:6.076298e-05\n",
      "Iteration:  108, loglik:-4.093791e+05, improvement:5.337148e-05\n",
      "Iteration:  109, loglik:-4.093791e+05, improvement:4.697876e-05\n",
      "Iteration:  110, loglik:-4.093791e+05, improvement:4.141778e-05\n",
      "Iteration:  111, loglik:-4.093791e+05, improvement:3.657443e-05\n",
      "Iteration:  112, loglik:-4.093791e+05, improvement:3.235403e-05\n",
      "Iteration:  113, loglik:-4.093791e+05, improvement:2.865226e-05\n",
      "Iteration:  114, loglik:-4.093791e+05, improvement:2.539955e-05\n",
      "Iteration:  115, loglik:-4.093791e+05, improvement:2.255436e-05\n",
      "Iteration:  116, loglik:-4.093791e+05, improvement:2.003176e-05\n",
      "Iteration:  117, loglik:-4.093791e+05, improvement:1.781125e-05\n",
      "Iteration:  118, loglik:-4.093791e+05, improvement:1.585734e-05\n",
      "Iteration:  119, loglik:-4.093791e+05, improvement:1.411460e-05\n",
      "Iteration:  120, loglik:-4.093791e+05, improvement:1.257908e-05\n",
      "Iteration:  121, loglik:-4.093791e+05, improvement:1.121592e-05\n",
      "Iteration:  122, loglik:-4.093791e+05, improvement:1.000369e-05\n",
      "Iteration:  123, loglik:-4.093791e+05, improvement:8.921837e-06\n",
      "Iteration:  124, loglik:-4.093791e+05, improvement:7.972762e-06\n",
      "Iteration:  125, loglik:-4.093791e+05, improvement:7.112278e-06\n",
      "Iteration:  126, loglik:-4.093791e+05, improvement:6.350980e-06\n",
      "Iteration:  127, loglik:-4.093791e+05, improvement:5.680718e-06\n",
      "Iteration:  128, loglik:-4.093791e+05, improvement:5.071808e-06\n",
      "Iteration:  129, loglik:-4.093791e+05, improvement:4.536414e-06\n",
      "Iteration:  130, loglik:-4.093791e+05, improvement:4.051311e-06\n",
      "Iteration:  131, loglik:-4.093791e+05, improvement:3.624649e-06\n",
      "Iteration:  132, loglik:-4.093791e+05, improvement:3.239547e-06\n",
      "Iteration:  133, loglik:-4.093791e+05, improvement:2.898625e-06\n",
      "Iteration:  134, loglik:-4.093791e+05, improvement:2.596527e-06\n",
      "Iteration:  135, loglik:-4.093791e+05, improvement:2.316316e-06\n",
      "Iteration:  136, loglik:-4.093791e+05, improvement:2.075511e-06\n",
      "Iteration:  137, loglik:-4.093791e+05, improvement:1.854030e-06\n",
      "Iteration:  138, loglik:-4.093791e+05, improvement:1.667126e-06\n",
      "Iteration:  139, loglik:-4.093791e+05, improvement:1.481560e-06\n",
      "Iteration:  140, loglik:-4.093791e+05, improvement:1.329288e-06\n",
      "Iteration:  141, loglik:-4.093791e+05, improvement:1.188135e-06\n",
      "Iteration:  142, loglik:-4.093791e+05, improvement:1.067354e-06\n",
      "Iteration:  143, loglik:-4.093791e+05, improvement:9.540818e-07\n",
      "Iteration:  144, loglik:-4.093791e+05, improvement:8.557108e-07\n",
      "Iteration:  145, loglik:-4.093791e+05, improvement:7.625204e-07\n",
      "Iteration:  146, loglik:-4.093791e+05, improvement:6.822520e-07\n",
      "Iteration:  147, loglik:-4.093791e+05, improvement:6.137998e-07\n",
      "Iteration:  148, loglik:-4.093791e+05, improvement:5.412730e-07\n",
      "Iteration:  149, loglik:-4.093791e+05, improvement:4.956964e-07\n",
      "Iteration:  150, loglik:-4.093791e+05, improvement:4.367903e-07\n",
      "Iteration:  151, loglik:-4.093791e+05, improvement:3.930763e-07\n",
      "Iteration:  152, loglik:-4.093791e+05, improvement:3.503519e-07\n",
      "Iteration:  153, loglik:-4.093791e+05, improvement:3.174646e-07\n",
      "Iteration:  154, loglik:-4.093791e+05, improvement:2.805609e-07\n",
      "Iteration:  155, loglik:-4.093791e+05, improvement:2.480811e-07\n",
      "Iteration:  156, loglik:-4.093791e+05, improvement:2.284651e-07\n",
      "Iteration:  157, loglik:-4.093791e+05, improvement:2.022134e-07\n",
      "Iteration:  158, loglik:-4.093791e+05, improvement:1.805602e-07\n",
      "Iteration:  159, loglik:-4.093791e+05, improvement:1.600711e-07\n",
      "Iteration:  160, loglik:-4.093791e+05, improvement:1.444714e-07\n",
      "Iteration:  161, loglik:-4.093791e+05, improvement:1.318986e-07\n",
      "Iteration:  162, loglik:-4.093791e+05, improvement:1.151348e-07\n",
      "Iteration:  163, loglik:-4.093791e+05, improvement:1.058215e-07\n",
      "Iteration:  164, loglik:-4.093791e+05, improvement:8.934876e-08\n",
      "Iteration:  165, loglik:-4.093791e+05, improvement:8.376082e-08\n",
      "Iteration:  166, loglik:-4.093791e+05, improvement:7.491326e-08\n",
      "Iteration:  167, loglik:-4.093791e+05, improvement:6.775372e-08\n",
      "Iteration:  168, loglik:-4.093791e+05, improvement:5.826587e-08\n",
      "Iteration:  169, loglik:-4.093791e+05, improvement:5.232869e-08\n",
      "Iteration:  170, loglik:-4.093791e+05, improvement:4.848698e-08\n",
      "Iteration:  171, loglik:-4.093791e+05, improvement:4.639151e-08\n",
      "Iteration:  172, loglik:-4.093791e+05, improvement:3.923196e-08\n",
      "Iteration:  173, loglik:-4.093791e+05, improvement:3.090827e-08\n",
      "Iteration:  174, loglik:-4.093791e+05, improvement:2.910383e-08\n",
      "Iteration:  175, loglik:-4.093791e+05, improvement:3.108289e-08\n",
      "Iteration:  176, loglik:-4.093791e+05, improvement:2.578599e-08\n",
      "Iteration:  177, loglik:-4.093791e+05, improvement:2.078013e-08\n",
      "Iteration:  178, loglik:-4.093791e+05, improvement:2.054730e-08\n",
      "Iteration:  179, loglik:-4.093791e+05, improvement:1.792796e-08\n",
      "Iteration:  180, loglik:-4.093791e+05, improvement:1.146691e-08\n",
      "Iteration:  181, loglik:-4.093791e+05, improvement:1.920853e-08\n",
      "Iteration:  182, loglik:-4.093791e+05, improvement:1.402805e-08\n",
      "Iteration:  183, loglik:-4.093791e+05, improvement:6.926712e-09\n",
      "Iteration:  184, loglik:-4.093791e+05, improvement:1.187436e-08\n",
      "Iteration:  185, loglik:-4.093791e+05, improvement:1.036096e-08\n",
      "Iteration:  186, loglik:-4.093791e+05, improvement:5.413312e-09\n",
      "Iteration:  187, loglik:-4.093791e+05, improvement:4.190952e-09\n",
      "Iteration:  188, loglik:-4.093791e+05, improvement:1.105946e-08\n",
      "Iteration:  189, loglik:-4.093791e+05, improvement:5.471520e-09\n",
      "Iteration:  190, loglik:-4.093791e+05, improvement:6.519258e-09\n",
      "Iteration:  191, loglik:-4.093791e+05, improvement:5.587935e-09\n",
      "Iteration:  192, loglik:-4.093791e+05, improvement:2.270099e-09\n",
      "Iteration:  193, loglik:-4.093791e+05, improvement:2.153683e-09\n",
      "Iteration:  194, loglik:-4.093791e+05, improvement:2.852175e-09\n",
      "Iteration:  195, loglik:-4.093791e+05, improvement:4.074536e-09\n",
      "Iteration:  196, loglik:-4.093791e+05, improvement:5.413312e-09\n",
      "Iteration:  197, loglik:-4.093791e+05, improvement:3.085006e-09\n",
      "Iteration:  198, loglik:-4.093791e+05, improvement:6.984919e-10\n",
      "The model converged after 198 iterations\n",
      "\n"
     ]
    }
   ],
   "source": [
    "model_3d3c = hm.EM_H2MM_C(hm.factory_h2mm_model(3,3), color3,  times3, print_func='diff', print_fmt_kwargs=dict(keep=True))"
   ]
  },
  {
   "cell_type": "markdown",
   "id": "c80e5d99-2dea-4874-aa46-516e091a60c8",
   "metadata": {},
   "source": [
    "### Changing output stream with `print_stream`\n",
    "\n",
    "The `print_formatter` can be instructed to direct the output to another stream, \n",
    "such as `sys.stderr` by specifying the `print_stream` keyword argument:"
   ]
  },
  {
   "cell_type": "code",
   "execution_count": 9,
   "id": "8e42f5f5-e152-449b-985d-44db85cd14b7",
   "metadata": {},
   "outputs": [
    {
     "name": "stderr",
     "output_type": "stream",
     "text": [
      "The model converged after 198 iterations                       \n"
     ]
    }
   ],
   "source": [
    "import sys\n",
    "model_3d3c = hm.EM_H2MM_C(hm.factory_h2mm_model(3,3), color3,  times3, print_func='diff', print_stream=sys.stderr)"
   ]
  },
  {
   "cell_type": "markdown",
   "id": "e971805f-231f-4bd5-9949-ce89fcb78b8b",
   "metadata": {},
   "source": [
    "### Whats actually happeing\n",
    "\n",
    "Now that simple options have been described, let's go through what actually is happeing.\n",
    "\n",
    "Before an optimization begins, `EM_H2MM_C` creates a *formatter* object.\n",
    "These are typically a subclass of `Printer`, the default being `StdPrinter`.\n",
    "It does so by calling `print_formatter(print_stream, *print_fmt_args, **print_fmt_kwargs)`\n",
    "\n",
    "> **Note**\n",
    ">\n",
    "> If `print_formatter` is `None`, then `print_formatter` will be the default\n",
    "> formater specified by `optimization_limits.formatter`.\n",
    ">\n",
    "> If `print_stream` is `None`, it will be the default specified by\n",
    "> *calling* `optmiziation_limits.outstream()`, this means that\n",
    "> `optmiziation_limits.outstream` should be a callable that takes no\n",
    "> arguments. This allows for a \"factory\" function to be creates so that\n",
    "> the stream can be dynamically assigned.\n",
    "\n",
    "Then optimization begins.\n",
    "\n",
    "Upon the completion of an iteration of optimization, `EM_H2MM_C` first checks\n",
    "if the iteration should be updated based on `print_freq`.\n",
    "\n",
    "If it is time to update the display, then `EM_H2MM_C` calls `print_func` with the\n",
    "cooresponding arguments, and hands the output as the single argument to\n",
    "`formatter.update`. The total call look like:\n",
    "`formatter.update(print_func(niter, new, current, old, iter_time, total_time, *print_args, **print_kwargs))`\n",
    "\n",
    "At the end of the optimization `formatter.close()` is called, to ensure any finalization should be conducted.\n",
    "\n",
    "The default `StdPrinter` has `__init__` signature of `(buffer, keep=False)`. From this you can see how\n",
    "specifying `print_stream=sys.stderr` and `print_fmt_kwargs=dict(keep=False)` changes where the output is\n",
    "printed and how it is printed respectively.\n",
    "\n",
    "The `update` method takes the one argument, formats it according to `keep` and then\n",
    "sends the formatted output to `print_stream.write(text)`, and the\n",
    "calls `print_stream.flush()` to ensure the output is actually displayed.\n",
    "\n",
    "#### IPyPrinter\n",
    "\n",
    "Out of the box, `H2MM_C` comes with one other `Printer` class: `IPyPrinter`.\n",
    "This class requires [IPython](https://ipython.org/) to be installed, if it is not,\n",
    "then this class will not exist.\n",
    "\n",
    "`IPyPrinter` is initiallized with the following signature: `(handle, keep=False)`\n",
    "Where `handle` is a [IPython.display.DisplayHandle](https://ipython.readthedocs.io/en/8.26.0/api/generated/IPython.display.html)\n",
    "So the default `sys.stdout` will not work for the `print_stream` argument.\n",
    "Instead, you will have to generate a `DisplayHandle` to use `IPyPrinter`\n",
    "\n",
    "Below see a simple call using `IPyPrinter`."
   ]
  },
  {
   "cell_type": "code",
   "execution_count": 10,
   "id": "8c3d440a-a8fa-404b-adfd-6e7ac82a264d",
   "metadata": {},
   "outputs": [],
   "source": [
    "from IPython.display import DisplayHandle"
   ]
  },
  {
   "cell_type": "code",
   "execution_count": 11,
   "id": "4ad05926-0c68-4461-a171-aff25d0b1d94",
   "metadata": {},
   "outputs": [
    {
     "data": {
      "text/plain": [
       "The model converged after 198 iterations"
      ]
     },
     "metadata": {},
     "output_type": "display_data"
    }
   ],
   "source": [
    "model_3d3c = hm.EM_H2MM_C(hm.factory_h2mm_model(3,3), color3,  times3, print_func='all', print_formatter=hm.IPyPrinter, print_stream=DisplayHandle())"
   ]
  },
  {
   "cell_type": "markdown",
   "id": "faab1117-d405-4c66-9700-19ba9a3f01d4",
   "metadata": {},
   "source": [
    "Since it is awkward to create a `DisplayHandle` each time, if you plan to use `IPyPrinter`, I would suggest\n",
    "setting `optimization_limits.formatter=IPyPrinter` and `optimization_limits.outstream=lambda:DisplayHandle()`\n",
    "at the beginning of your code instead."
   ]
  },
  {
   "cell_type": "code",
   "execution_count": 12,
   "id": "49ceca78-c2bf-4cb5-aa02-b51aa2062b99",
   "metadata": {},
   "outputs": [],
   "source": [
    "hm.optimization_limits.formatter = hm.IPyPrinter\n",
    "hm.optimization_limits.outstream = lambda:DisplayHandle()"
   ]
  },
  {
   "cell_type": "code",
   "execution_count": 13,
   "id": "486777c7-7eaf-4da7-bba0-fd6a6e009ac0",
   "metadata": {
    "scrolled": true
   },
   "outputs": [
    {
     "data": {
      "text/plain": [
       "nstate: 3, ndet: 3, nphot: 436084, niter: 0, loglik: -438789.8812617171 converged state: 0x2\n",
       "prior:\n",
       "0.3333333333333333, 0.3333333333333333, 0.3333333333333333\n",
       "trans:\n",
       "0.9999800000000001, 9.999999999999999e-06, 9.999999999999999e-06\n",
       "9.999999999999999e-06, 0.9999800000000001, 9.999999999999999e-06\n",
       "9.999999999999997e-06, 9.999999999999997e-06, 0.99998\n",
       "obs:\n",
       "0.2, 0.6, 0.2\n",
       "0.3333333333333333, 0.3333333333333333, 0.3333333333333333\n",
       "0.42857142857142855, 0.14285714285714285, 0.42857142857142855\n",
       "\n",
       "Iteration time:0.150241, Total:0.150241\n",
       "nstate: 3, ndet: 3, nphot: 436084, niter: 1, loglik: -420399.1249372301 converged state: 0x3\n",
       "prior:\n",
       "0.11172087078450657, 0.2311783028752123, 0.6571008263402812\n",
       "trans:\n",
       "0.9999331696914695, 2.1507726405781747e-05, 4.532258212485651e-05\n",
       "4.900994231701534e-06, 0.9999761060427823, 1.899296298592776e-05\n",
       "2.3715976119226385e-06, 4.4495136920352e-06, 0.9999931788886961\n",
       "obs:\n",
       "0.16753839240401322, 0.5067016197975459, 0.32575998779844073\n",
       "0.2113263548594132, 0.30405173296135773, 0.48462191217922895\n",
       "0.45842906286715557, 0.09495409346181169, 0.44661684367103277\n",
       "\n",
       "Iteration time:0.118261, Total:0.268502\n",
       "nstate: 3, ndet: 3, nphot: 436084, niter: 2, loglik: -417249.504091454 converged state: 0x3\n",
       "prior:\n",
       "0.09091142084379221, 0.22007069067819177, 0.689017888478016\n",
       "trans:\n",
       "0.9999144400245912, 2.9356607049943534e-05, 5.6203368358805844e-05\n",
       "3.5414372397300054e-06, 0.9999804622729409, 1.599628981936258e-05\n",
       "1.8202533298935981e-06, 4.487103219954398e-06, 0.9999936926434501\n",
       "obs:\n",
       "0.15344658269902592, 0.47706657621879034, 0.3694868410821837\n",
       "0.1641504486194256, 0.28016940559664255, 0.5556801457839318\n",
       "0.4965598143598376, 0.08523078052384105, 0.41820940511632126\n",
       "\n",
       "Iteration time:0.121867, Total:0.390369\n",
       "nstate: 3, ndet: 3, nphot: 436084, niter: 3, loglik: -416816.01318494056 converged state: 0x3\n",
       "prior:\n",
       "0.09159788880100966, 0.20977893868360653, 0.6986231725153838\n",
       "trans:\n",
       "0.9999093631219519, 3.263591374648326e-05, 5.800096430158158e-05\n",
       "3.2979284890079127e-06, 0.9999807254752553, 1.5976596255700024e-05\n",
       "1.825744580590956e-06, 5.324503267226769e-06, 0.9999928497521522\n",
       "obs:\n",
       "0.15501465610599485, 0.46516745477675425, 0.37981788911725084\n",
       "0.15606307348963894, 0.2640728492627144, 0.5798640772476467\n",
       "0.5103988428087999, 0.0845953934021917, 0.40500576378900843\n",
       "\n",
       "Iteration time:0.165445, Total:0.555814\n",
       "nstate: 3, ndet: 3, nphot: 436084, niter: 4, loglik: -416669.6699167302 converged state: 0x3\n",
       "prior:\n",
       "0.09880655909407758, 0.19795231279178452, 0.703241128114138\n",
       "trans:\n",
       "0.9999112455525201, 3.340783599386624e-05, 5.534661148601373e-05\n",
       "3.470103828895612e-06, 0.9999794187761594, 1.711112001178195e-05\n",
       "1.9151634311375733e-06, 6.194681942488703e-06, 0.9999918901546263\n",
       "obs:\n",
       "0.15668016549474753, 0.4588622330652133, 0.38445760144003915\n",
       "0.1554081836323093, 0.2550192659626369, 0.5895725504050537\n",
       "0.5161991209991699, 0.08437750808586786, 0.3994233709149624\n",
       "\n",
       "Iteration time:0.141088, Total:0.696902\n",
       "nstate: 3, ndet: 3, nphot: 436084, niter: 5, loglik: -416571.3552499309 converged state: 0x3\n",
       "prior:\n",
       "0.10815050812009779, 0.1869679004649725, 0.7048815914149297\n",
       "trans:\n",
       "0.9999154800079714, 3.339719342785148e-05, 5.11227986007286e-05\n",
       "3.7984177088681103e-06, 0.9999777135494082, 1.8488032882893172e-05\n",
       "1.999701834844185e-06, 6.9772544463020446e-06, 0.9999910230437189\n",
       "obs:\n",
       "0.1567205310081507, 0.4536771681336471, 0.38960230085820224\n",
       "0.1560172415555626, 0.2487757547198162, 0.5952070037246212\n",
       "0.5197180771694859, 0.08400895228181313, 0.39627297054870103\n",
       "\n",
       "Iteration time:0.121584, Total:0.818486\n",
       "nstate: 3, ndet: 3, nphot: 436084, niter: 6, loglik: -416486.7511525032 converged state: 0x3\n",
       "prior:\n",
       "0.11801555761578138, 0.1767403570194871, 0.7052440853647315\n",
       "trans:\n",
       "0.9999204691004234, 3.3083279197085944e-05, 4.644762037947181e-05\n",
       "4.215187645885737e-06, 0.9999758910815926, 1.9893730761559934e-05\n",
       "2.064979403015029e-06, 7.66884660735238e-06, 0.9999902661739896\n",
       "obs:\n",
       "0.15543613038784618, 0.448053878031725, 0.3965099915804288\n",
       "0.15690048445427354, 0.24341579368194097, 0.5996837218637855\n",
       "0.5223655621688791, 0.08363832319456288, 0.3939961146365581\n",
       "\n",
       "Iteration time:0.141681, Total:0.960167\n",
       "nstate: 3, ndet: 3, nphot: 436084, niter: 7, loglik: -416403.0438900869 converged state: 0x3\n",
       "prior:\n",
       "0.12771599359252414, 0.16690788332920828, 0.7053761230782675\n",
       "trans:\n",
       "0.9999258362840913, 3.249581142686712e-05, 4.1667904481791e-05\n",
       "4.707539625857075e-06, 0.9999739960267714, 2.1296433602799662e-05\n",
       "2.1130941388931868e-06, 8.28475565781675e-06, 0.9999896021502033\n",
       "obs:\n",
       "0.1531693410524587, 0.4415510803609975, 0.40527957858654373\n",
       "0.1580009754275209, 0.23808154366175152, 0.6039174809107276\n",
       "0.5245930497580289, 0.08333603150902155, 0.3920709187329496\n",
       "\n",
       "Iteration time:0.109905, Total:1.070072\n",
       "nstate: 3, ndet: 3, nphot: 436084, niter: 8, loglik: -416311.62037311675 converged state: 0x3\n",
       "prior:\n",
       "0.13696190913274867, 0.15726757206982186, 0.7057705187974296\n",
       "trans:\n",
       "0.9999315110210555, 3.156017723890158e-05, 3.6928801705601593e-05\n",
       "5.277377522094352e-06, 0.999972003489566, 2.2719132911769234e-05\n",
       "2.14957685527356e-06, 8.842852328507202e-06, 0.9999890075708162\n",
       "obs:\n",
       "0.15026629835272148, 0.43407245524227256, 0.4156612464050059\n",
       "0.1594359656967129, 0.23230296581558746, 0.6082610684876997\n",
       "0.5266150813608368, 0.08311487979880705, 0.3902700388403561\n",
       "\n",
       "Iteration time:0.119015, Total:1.189087\n",
       "nstate: 3, ndet: 3, nphot: 436084, niter: 9, loglik: -416205.5051288459 converged state: 0x3\n",
       "prior:\n",
       "0.1456476224144892, 0.14777875068896854, 0.7065736268965422\n",
       "trans:\n",
       "0.999937407283046, 3.0231047755730393e-05, 3.2361669198217576e-05\n",
       "5.928895156299697e-06, 0.9999698638427418, 2.4207262101972305e-05\n",
       "2.17986836404036e-06, 9.361689657450545e-06, 0.9999884584419785\n",
       "obs:\n",
       "0.14710408937477, 0.42562705264722445, 0.4272688579780056\n",
       "0.1613621403163706, 0.22576533163887721, 0.6128725280447522\n",
       "0.5285721750783956, 0.0829683110996201, 0.38845951382198424\n",
       "\n",
       "Iteration time:0.141314, Total:1.330401\n",
       "nstate: 3, ndet: 3, nphot: 436084, niter: 10, loglik: -416078.54636258417 converged state: 0x3\n",
       "prior:\n",
       "0.15377341379288526, 0.13850395385002665, 0.7077226323570882\n",
       "trans:\n",
       "0.9999433653501936, 2.8529673055064485e-05, 2.8104976751410036e-05\n",
       "6.663067089105854e-06, 0.9999675183086887, 2.5818624222265717e-05\n",
       "2.2086543584743647e-06, 9.861225830110228e-06, 0.9999879301198114\n",
       "obs:\n",
       "0.14400554636940968, 0.41628116444906066, 0.43971328918152974\n",
       "0.16396801508224418, 0.21822381472857905, 0.6178081701891769\n",
       "0.5305772508606248, 0.08288529225172561, 0.3865374568876495\n",
       "\n",
       "Iteration time:0.127155, Total:1.457556\n",
       "nstate: 3, ndet: 3, nphot: 436084, niter: 11, loglik: -415925.6083513373 converged state: 0x3\n",
       "prior:\n",
       "0.16142646863634838, 0.12953718495826091, 0.7090363464053906\n",
       "trans:\n",
       "0.999949176707421, 2.6539886444769098e-05, 2.4283406134204197e-05\n",
       "7.471399676631998e-06, 0.9999649122631988, 2.7616337124542124e-05\n",
       "2.240401194138935e-06, 1.0363649275076526e-05, 0.9999873959495308\n",
       "obs:\n",
       "0.1412257721852878, 0.4061599130664301, 0.452614314748282\n",
       "0.16747760612971235, 0.20948944076256795, 0.6230329531077198\n",
       "0.5327351297642119, 0.08285589093116741, 0.38440897930462065\n",
       "\n",
       "Iteration time:0.123619, Total:1.581175\n",
